[gd_scene load_steps=4 format=3 uid="uid://7ts82qscuq2m"]

[ext_resource type="PackedScene" uid="uid://dtd1nxo2gu0bq" path="res://water.tscn" id="1_ig7tw"]
[ext_resource type="PackedScene" uid="uid://brs4mptfhkd5w" path="res://boat.tscn" id="2_0xm2m"]
[ext_resource type="Script" uid="uid://r4l026yf0wq5" path="res://marker_3d.gd" id="3_h2yge"]

[node name="Main" type="Node"]

[node name="Water" parent="." instance=ExtResource("1_ig7tw")]
metadata/_edit_lock_ = true

[node name="Boat" parent="." instance=ExtResource("2_0xm2m")]
transform = Transform3D(0.9945219, -0.104528464, 0, 0.10438521, 0.99315894, 0.05233596, -0.0054705977, -0.052049257, 0.9986295, 0, 1, 0)
visible = false
metadata/_edit_lock_ = true

[node name="DirectionalLight3D" type="DirectionalLight3D" parent="."]
transform = Transform3D(0.58065057, -0.2697913, 0.7681519, -0.06587284, 0.92483705, 0.37461615, -0.81148356, -0.26812145, 0.51923525, 0, 0, 0)

[node name="CameraPivot" type="Marker3D" parent="."]
transform = Transform3D(1, 0, 0, 0, 0.9099613, 0.41469324, 0, -0.41469324, 0.9099613, 0.37669086, 6.227474, 4.732901)
script = ExtResource("3_h2yge")

[node name="Camera3D" type="Camera3D" parent="CameraPivot"]
transform = Transform3D(0.99999994, -2.3283064e-09, -2.561137e-09, 4.656613e-10, 1, 0, 1.1641532e-09, -2.9802322e-08, 1.0000001, 0, 0, 0)
