[gd_scene load_steps=4 format=3 uid="uid://7ts82qscuq2m"]

[ext_resource type="PackedScene" uid="uid://dtd1nxo2gu0bq" path="res://sea.tscn" id="1_ig7tw"]
[ext_resource type="PackedScene" uid="uid://brs4mptfhkd5w" path="res://boat.tscn" id="2_0xm2m"]
[ext_resource type="Script" uid="uid://r4l026yf0wq5" path="res://marker_3d.gd" id="3_h2yge"]

[node name="Main" type="Node"]

[node name="Sea" parent="." instance=ExtResource("1_ig7tw")]
metadata/_edit_lock_ = true

[node name="Boat" parent="." instance=ExtResource("2_0xm2m")]
transform = Transform3D(0.9945219, -0.104528464, 0, 0.10438521, 0.99315894, 0.05233596, -0.0054705977, -0.052049257, 0.9986295, 0, 1, 0)
metadata/_edit_lock_ = true

[node name="DirectionalLight3D" type="DirectionalLight3D" parent="."]
transform = Transform3D(0.8416201, -0.37191197, 0.39160824, 0.12010863, 0.8358407, 0.5356716, -0.5265448, -0.40379643, 0.7481302, 0, 0, 0)

[node name="CameraPivot" type="Marker3D" parent="."]
transform = Transform3D(0.9945219, -0.0739128, -0.073912784, 0.10438521, 0.6652624, 0.7392765, -0.0054705977, -0.7429421, 0.6693334, 0.37669086, 6.227474, 4.732901)
script = ExtResource("3_h2yge")

[node name="Camera3D" type="Camera3D" parent="CameraPivot"]
transform = Transform3D(0.99999994, -2.3283064e-09, -2.561137e-09, 4.656613e-10, 1, 0, 1.1641532e-09, -2.9802322e-08, 1.0000001, 0, 0, 0)
